262548 [1, 365]
262563 [1, 129]
262620 [1, 97] [99, 424] [429, 523]
262640 [1, 85] [87, 232]
262656 [1, 178] [183, 192]
262694 [1, 69] [72, 225]
262695 [3, 223]
262697 [1, 63]
262698 [1, 11] [15, 15]
262699 [1, 34] [36, 40]
262701 [1, 1]
262702 [1, 1]
262703 [1, 139]
262726 [1, 500]
262731 [1, 2]
262732 [1, 2]
262733 [1, 83]
262734 [1, 1]
262735 [1, 215]
262768 [1, 426]
262777 [1, 149]
262783 [1, 5]
262784 [1, 375] [379, 397]
262811 [3, 438]
262813 [1, 4] [6, 6]
262814 [1, 2] [5, 6]
262815 [1, 4] [6, 6]
262816 [1, 449]
262817 [1, 27]
262818 [1, 279]
262819 [1, 119] [122, 131]
262834 [1, 214]
262836 [1, 99]
262837 [1, 777]
262893 [1, 1055] [1059, 1085]
262921 [1, 887] [889, 1073]
262987 [1, 158] [161, 174]
262988 [1, 690] [695, 706]
263005 [1, 1] [4, 61] [63, 654]
263007 [1, 128]
263022 [3, 205]
263031 [1, 110]
263033 [1, 62]
263035 [1, 610] [615, 693]
263212 [1, 17]
263213 [1, 26]
263233 [1, 41] [43, 427] [429, 437] [439, 486] [488, 736]
263234 [1, 710]
263261 [1, 73] [78, 1389]
263284 [1, 223]
263286 [1, 603]
263293 [1, 375] [377, 392]
263322 [1, 62] [64, 1239]
263333 [1, 238]
263349 [1, 402]
263355 [1, 117]
263356 [1, 1]
263357 [1, 2]
263358 [1, 3]
263359 [1, 2]
263362 [1, 606]
263379 [1, 79] [82, 918]
263400 [1, 922]
263406 [1, 80] [82, 165]
263410 [1, 76] [78, 664]
263411 [1, 1]
263412 [1, 240]
263414 [1, 1]
263491 [1, 50] [52, 423]
263502 [1, 512]
263511 [1, 101] [104, 118] [120, 126] [128, 133] [135, 143] [146, 252]
263584 [2, 75] [78, 960] [962, 962] [964, 970]
263604 [2, 987]
263614 [1, 1050] [1053, 1100]
263685 [1, 81] [83, 914]
263686 [1, 3]
263687 [1, 1]
263688 [1, 1]
263689 [1, 148] [150, 150]
263718 [1, 78] [80, 573]
263728 [3, 264]
263729 [4, 225]
263742 [1, 89]
263743 [1, 67]
263744 [1, 93]
263745 [1, 471]
263757 [1, 82] [85, 1772] [1774, 1775]
