254227 [1, 201] 
254229 [1, 8] 
254231 [1, 24] 
254232 [1, 104] 
254280 [1, 96] 
254282 [1, 89] 
254283 [1, 26] 
254285 [1, 247] [249, 298] 
254289 [1, 53] 
254290 [1, 2] 
254292 [1, 83] 
254293 [1, 541] 
254294 [1, 208] 
254306 [1, 80] [82, 86] [88, 92] 
254307 [1, 28] 
254308 [1, 20] 
254309 [1, 22] 
254313 [1, 22] 
254314 [1, 22] 
254315 [1, 8] 
254317 [1, 15] 
254318 [1, 20] 
254319 [1, 350] 
254332 [1, 67] [69, 69] [71, 992] 
254340 [1, 46] 
254341 [1, 63] 
254342 [1, 123] [125, 125] 
254349 [1, 72] [74, 74] [76, 373] 
254362 [1, 35] 
254367 [1, 28] 
254368 [1, 36] 
254380 [1, 50] [52, 862] 
254416 [1, 59] [62, 74] [77, 78] 
254437 [1, 70] [73, 249] 
254450 [1, 11] 
254451 [1, 36] 
254453 [1, 3] 
254454 [1, 6] 
254456 [1, 33] 
254457 [1, 4] 
254458 [1, 19] [22, 148] 
254459 [1, 2] [5, 1032] 
254512 [1, 18] [50, 51] [55, 55] 
254530 [1, 57] 
254532 [1, 341] 
254608 [1, 24] [27, 54] [56, 61] [63, 873] 
254790 [1, 88] [90, 90] [93, 697] [701, 789] [791, 792] 
254833 [1, 41] [43, 43] [46, 861] [863, 1582] [1584, 1634] [1636, 1637] [1639, 1646] 
254852 [1, 45] [47, 100] 
254879 [1, 50] [52, 52] [54, 148] 
254905 [1, 242] 
254906 [1, 75] 
254907 [1, 61] 
254914 [1, 32] [34, 96] 
254986 [1, 22] 
254987 [1, 103] 
254989 [1, 214] 
254993 [1, 29] [31, 31] [33, 37] 
255003 [1, 101] 
255019 [1, 414] 
255029 [1, 34] [36, 325] [327, 343] 
255031 [1, 231] [233, 554] [586, 1223] 
255981 [1, 71] 
255982 [1, 11] 
255983 [1, 45] 
255984 [1, 28] 
255985 [3, 7] 
255987 [1, 10] 
255988 [1, 16] 
255989 [1, 6] 
255990 [1, 36] 
255993 [1, 25] 
256001 [1, 45] [54, 60] 
256002 [1, 189] [191, 282] 
256003 [1, 1] [14, 61] [77, 125] 
256004 [1, 33] [40, 42] [46, 72] [77, 141] [151, 460] 
256166 [1, 4] [8, 15] [17, 29] 
256167 [1, 13] [16, 27] [29, 219] 
256168 [1, 14] 
256169 [1, 186] 
256171 [1, 798] 
256214 [1, 4] [7, 11] 
256215 [1, 15] 
256216 [1, 10] 
256217 [1, 1045] 
256234 [1, 19] 
256235 [1, 126] 
256236 [1, 37] 
256237 [1, 131] 
256245 [1, 86] [88, 161] 
256347 [1, 1] 
256348 [1, 112] [118, 139] 
256349 [1, 8] 
256350 [1, 432] [437, 526] [528, 528] [530, 530] 
256353 [1, 762] 
256355 [1, 612] 
256405 [1, 21] 
256406 [1, 251] 
256423 [1, 351] [361, 536] 
256424 [1, 9] [12, 213] 
256443 [4, 4] [8, 8] 
256445 [1, 52] 
256446 [1, 283] 
256447 [1, 77] 
256448 [1, 505] 
256463 [1, 1] 
256464 [1, 1635] 
