256630 [1, 54] 
256673 [1, 53] [55, 56] 
256674 [1, 2] 
256675 [1, 108] [111, 164] 
256676 [1, 638] [640, 1087] 
256677 [1, 291] [293, 486] 
256727 [1, 18] 
256728 [1, 5] 
256729 [1, 1732] 
256734 [1, 273] 
256801 [1, 277] 
256842 [1, 132] 
256843 [1, 587] [598, 1193] [1195, 1334] [1336, 1376] 
256866 [1, 47] 
256867 [1, 94] 
256868 [5, 200] [202, 492] 
256869 [1, 43] 
256926 [1, 72]
256936 [1, 714]
256941 [1, 171] [173, 305]
257044 [1, 67] 
257055 [1, 38] 
257058 [1, 775] 
257059 [1, 335] 
257394 [1, 72]
257395 [1, 13]
257396 [1, 216]
257397 [1, 119]
257398 [1, 18]
257399 [1, 271]
257400 [1, 1437]
257461 [1, 101]
257487 [1, 1124]
257490 [1, 644]
257531 [4, 45] [50, 159]
257599 [1, 126]
257613 [1, 1307]
257614 [1, 63]
257645 [1, 20] [24, 1111]
257682 [1, 366]
257721 [1, 23]
257722 [1, 19]
257723 [1, 1] [3, 108] [114, 148]
257735 [1, 52]
257748 [1, 34]
257751 [1, 481]
257804 [1, 17]
257805 [1, 249]
257816 [1, 385]
257819 [1, 248]
257822 [1, 719] [721, 1389]
257823 [1, 173] [175, 228]
257824 [1, 139]
257968 [1, 326]
257969 [1, 664]
258129 [1, 124]
258136 [1, 74]
258157 [1, 56]
258158 [1, 1786]
258159 [1, 514]
258174 [1, 28]
258175 [1, 101]
258177 [1, 342] [347, 2136]
258211 [1, 129]
258213 [1, 165]
258214 [1, 217]
258215 [1, 20]
258287 [1, 144] [148, 236]
258312 [1, 42]
258313 [1, 289]
258320 [1, 377]
258335 [1, 81]
258403 [1, 251]
258425 [1, 1] [3, 136]
258426 [1, 10]
258427 [1, 107]
258428 [1, 324]
258432 [1, 4]
258434 [1, 453]
258440 [1, 442] [444, 732]
258443 [1, 291]
258444 [1, 130]
258445 [1, 302]
258446 [1, 142]
258448 [2, 738]
258655 [1, 41] [44, 68]
258656 [1, 378]
258694 [1, 225]
258702 [1, 402]
258703 [1, 475] 
258705 [1, 100]
258706 [1, 733] 
258712 [1, 524] 
258713 [1, 161] 
258714 [1, 83]
258741 [2, 72] 
258742 [2, 693] 
258745 [1, 260] 
258749 [1, 604] 
258750 [1, 246] 
259464 [1, 412] 
259626 [1, 111] [113, 167] [169, 612] 
259636 [1, 37] [40, 118] [120, 241] 
259637 [1, 230] 
259681 [1, 54] [58, 98] 
259682 [1, 4] 
259683 [3, 19] [21, 23] [25, 94] 
259685 [1, 209] [212, 240] [242, 290] [292, 544] [546, 630] 
259686 [1, 43] [45, 47] [49, 100] [102, 245] [248, 350] 
259721 [1, 410] [412, 417] 
259809 [1, 222] 
259810 [1, 116] 
259811 [1, 91] 
259813 [1, 10] 
259817 [1, 5] 
259818 [1, 160] 
259820 [1, 32] [36, 161] 
259821 [1, 75] [78, 212] 
259822 [1, 495] 
259861 [1, 34] [36, 38] [40, 156] 
259862 [1, 540] 
259884 [2, 44] [46, 155] 
259890 [1, 109] 
259891 [1, 121] 
259968 [1, 60]
259971 [1, 43] [45, 59]
259972 [1, 7]
259973 [1, 36]
260034 [1, 69] [72, 74] [76, 121]
260035 [1, 63]
260036 [1, 247]
260037 [1, 27]
260038 [1, 25] [27, 219]
260039 [1, 557] [559, 560] [563, 563] [565, 693] [697, 1081] [1083, 1136] [1139, 1139]
260041 [1, 173]
260043 [1, 464] [466, 746] [749, 859] [863, 880] [884, 1034]
260061 [1, 26] [29, 36]
260062 [1, 73]
260066 [1, 480] [482, 495] [499, 502]
260099 [1, 95]
260100 [1, 28]
260101 [1, 37] [47, 48]
260104 [1, 1]
260105 [1, 492] [495, 658]
260107 [1, 21]
260108 [1, 5] [8, 355]
260114 [1, 25]
260119 [1, 160]
260132 [1, 287]
260136 [1, 64]
260230 [1, 123]
260232 [1, 100]
260233 [1, 56]
260234 [1, 76]
260235 [1, 48]
260373 [1, 45] [47, 422]
260423 [2, 13]
260424 [3, 672]
260425 [1, 287]
260426 [1, 504]
260427 [1, 285]
260431 [1, 447]
260490 [6, 65]
260492 [1, 1]
260493 [3, 45]
260528 [1, 25]
260532 [1, 746]
260533 [1, 14]
260534 [1, 375]
260536 [1, 193]
260538 [1, 284]
260541 [1, 43]
260575 [2, 21] 
260576 [2, 465]
260577 [1, 82]
260593 [1, 421]
260627 [2, 1861]
