251023 [1, 36] 
251024 [1, 64] [68, 86] 
251025 [1, 63] 
251026 [1, 2] 
251027 [1, 125] 
251028 [2, 15] [22, 55] [59, 89] [93, 93] 
251134 [1, 19] [21, 33] [35, 46] [48, 60] [63, 80] 
251143 [1, 31] 
251147 [1, 25] 
251149 [1, 24] 
251150 [1, 24] 
251153 [1, 26] 
251155 [3, 27] 
251156 [1, 23] 
251160 [2, 2] 
251161 [1, 27] 
251162 [1, 18] [21, 48] 
251164 [1, 32] 
251167 [1, 2] 
251168 [1, 293] [295, 347] 
251244 [1, 86] [88, 442] 
251250 [1, 159] 
251251 [1, 167] 
251252 [1, 555] [558, 584] 
251493 [1, 38] 
251496 [1, 101] [103, 260] 
251497 [1, 109] 
251498 [1, 36] [44, 78] 
251499 [1, 31] [35, 62] [66, 91] [95, 127] 
251500 [1, 208] 
251521 [1, 42] 
251522 [2, 3] 
251559 [1, 16] [19, 46] [48, 50] [53, 64] 
251560 [1, 7] [9, 10] 
251561 [1, 94] 
251562 [1, 693] [695, 716] 
251638 [1, 99] 
251642 [1, 6] 
251643 [1, 216] [222, 618] 
251717 [5, 14] 
251718 [1, 285] 
251721 [1, 259] 
251883 [1, 54] [56, 56] [58, 455] 
252116 [1, 58] [62, 62] [64, 139] [141, 146] 
252126 [1, 50] [52, 52] [54, 74] [76, 89] [91, 106] [108, 108] [110, 121] [123, 123] [125, 163] [165, 165] [167, 169] 
