250932 [1, 186] [189, 211] 
250930 [2, 49] [51, 55] 
250902 [1, 67] [73, 109] [111, 132] 
250901 [1, 25] 
250899 [1, 24] 
250897 [1, 5] [10, 64] [73, 133] [140, 187] [195, 231] 
250896 [1, 78] [85, 93] 
250893 [1, 236] [247, 252] 
250890 [1, 1] [8, 9] 
250886 [1, 118] 
250885 [1, 94] 
250871 [1, 52] 
250869 [1, 21] 
250868 [1, 122] 
250867 [1, 15] 
250866 [1, 78] 
250864 [1, 28] 
250863 [1, 63] 
250862 [1, 67] 
248038 [1, 51] [53, 86] [90, 90] [94, 107] 
248036 [1, 2] 
248033 [1, 5] [10, 43] [48, 82] [87, 121] [128, 162] [167, 200] [205, 239] [243, 277] 
248031 [1, 5] [9, 43] [47, 82] [86, 100] [132, 151] [156, 190] [194, 228] [232, 266] [270, 304] [308, 342] [347, 380] 
248030 [1, 5] [9, 17] 
248029 [1, 5] 
248028 [1, 1] 
248026 [1, 5] [10, 35] [40, 66] [70, 96] [101, 127] [131, 157] [161, 172] 
248025 [1, 65] [68, 68] [72, 90] [102, 225] 
248009 [1, 264] [267, 267] [271, 281] 
248006 [1, 7] 
248005 [1, 95] 
248003 [1, 4] 
247992 [1, 28] [31, 31] [34, 35] [43, 53] [56, 56] [59, 71] [74, 74] [77, 82] [87, 113] [120, 124] [128, 128] [131, 145] [148, 148] [151, 162] [165, 166] [169, 180] [184, 184] [187, 200] [203, 203] [206, 370] [400, 498] 
247990 [1, 11] [14, 14] [17, 25] [40, 46] [49, 49] [51, 51] [54, 75] [78, 78] [81, 89] [95, 99] [102, 102] [105, 114] [117, 117] [120, 128] [131, 131] [134, 137] [140, 140] [143, 148] [151, 151] [154, 156] [162, 170] [173, 173] [176, 177] [180, 180] [183, 202] 
247989 [1, 10] [18, 26] [29, 29] [32, 40] 
247983 [1, 7] [11, 70] [76, 112] 
247982 [1, 4] [7, 7] [10, 19] 
247981 [1, 73] 
247934 [1, 571] [574, 574] 
247931 [1, 102] 
247920 [1, 767] 
247915 [1, 4] 
247914 [2, 9] 
247911 [1, 7] 
247910 [1, 48] [50, 50] [53, 158] [161, 161] [164, 262] 
247720 [1, 14] [23, 24] 
247711 [1, 15] 
247710 [1, 10] [14, 14] [18, 357] 
247707 [1, 1] 
247705 [1, 153] 
247702 [1, 1041] 
247685 [1, 522] [526, 526] 
247644 [1, 151] [154, 154] [158, 165] 
247642 [1, 32] [36, 36] [39, 260] 
247623 [2, 9] [12, 12] [15, 20] [23, 295] [298, 298] [301, 319] [322, 322] [325, 331] [334, 351] 
247612 [1, 114] 
247609 [1, 1] 
247607 [1, 39] [41, 41] [44, 72] [75, 85] [88, 95] [98, 99] [101, 105] [107, 110] [112, 123] [126, 126] [129, 129] 
247398 [1, 13] [16, 16] [19, 19] [22, 22] [24, 33] [36, 36] [39, 47] [50, 50] [52, 59] [62, 62] [64, 72] [75, 75] [78, 86] [88, 88] [92, 92] [94, 106] [109, 109] [112, 149] [152, 152] [155, 163] [166, 166] [168, 205] [207, 207] [211, 232] [234, 234] [237, 245] [248, 248] [251, 261] [263, 263] [267, 267] [269, 278] [281, 281] [284, 333] [336, 336] [338, 349] [352, 352] [354, 355] [357, 357] [361, 361] [364, 364] [366, 430] [433, 433] [436, 436] 
247397 [1, 14] 
247395 [1, 47] 
247389 [1, 62] 
247388 [1, 65] 
247386 [1, 7] 
247385 [1, 11] 
247384 [1, 1] 
247383 [1, 4] 
247382 [1, 2] 
247381 [1, 5] 
247377 [1, 56] [58, 79] 
247267 [1, 88] [90, 90] [92, 119] [121, 128] 
247266 [1, 40] [42, 57] [59, 69] [71, 71] [73, 136] 
247262 [1, 1] 
247253 [1, 3] 
247252 [1, 17] 
247081 [1, 62] [64, 199] 
247079 [1, 76] 
247078 [1, 219] 
247073 [1, 312] 
247070 [1, 42] [45, 45] [47, 98] 
247068 [1, 104] [106, 106] [108, 116] [118, 118] [121, 133] 
246963 [1, 11] [13, 13] [15, 312] [314, 314] [316, 448] 
246960 [1, 1] [37, 44] 
246959 [1, 77] 
246958 [1, 61] 
246951 [1, 93] [97, 99] [101, 101] [103, 142] 
246936 [6, 34] [39, 71] [76, 114] [116, 117] [124, 141] [145, 157] [161, 190] 
246930 [1, 5] [11, 36] 
246926 [1, 4] [7, 17] [20, 30] [32, 41] [43, 51] [56, 65] [67, 77] [79, 88] [91, 100] [102, 110] [113, 122] [124, 132] [135, 143] [147, 156] [160, 169] [172, 180] [183, 194] [196, 205] [218, 239] [242, 249] 
246923 [1, 6] [9, 21] [23, 23] [32, 32] 
246920 [1, 1] [4, 5] [7, 7] [10, 10] [13, 14] 
246919 [1, 6] [10, 21] [24, 34] [38, 49] 
246908 [2, 67] [70, 174] 
